0.000000      0.546927
0.200589      0.306819
0.699599      0.160331
0.678432      0.407958
0.543409      0.079546
0.937549      0.380496
0.995820      0.747340
0.540823      0.607822
0.662552      0.506257
0.665049      0.471789
0.361180      0.346166
0.015412      0.034110
0.280687      0.512330
0.734201      0.711878
0.536045      0.313022
0.962803      0.835486
0.004927      0.811447
0.990904      0.118177
0.196543      0.293204
0.886232      0.894779
0.557226      0.293166
0.242074      0.545588
0.705577      0.635408
0.301832      0.890799
0.651395      0.996021
0.131853      0.057305
0.129405      0.912102
0.698076      0.565176
0.916071      0.407989
0.076870      0.958262
0.507520      0.890788
0.476257      0.443398
0.195953      0.384653
0.864166      0.043430
0.933654      0.930542
0.621101      0.850364
0.067380      0.458688
0.165005      0.236099
0.111787      0.812472
0.215036      0.114642
0.788734      0.247839
0.432518      0.330785
0.501787      0.542485
0.544704      0.846503
0.174679      0.837560
0.878180      0.569349
0.055492      0.646910
0.615642      0.086951
0.392105      0.105273
0.315915      0.588630
0.110091      0.297729
0.938497      0.327256
0.183731      0.972474
0.372826      0.082221
0.893920      0.110828
0.688469      0.090837
0.695776      0.907193
0.193814      0.432457
0.306791      0.229125
0.897734      0.220094
0.113927      0.773699
0.567020      0.897490
0.106906      0.771680
0.618593      0.696937
0.412031      0.011735
0.238405      0.872320
0.074367      0.887105
0.577400      0.366983
0.879843      0.528819
0.857499      0.992292
0.452434      0.059589
0.516486      0.585360
0.150986      0.619589
0.440053      0.964500
0.345219      0.097282
0.011427      0.059822
0.422510      0.122356
0.433214      0.020680
0.576736      0.210008
0.607502      0.294500
0.658134      0.263792
0.556854      0.042409
0.772978      0.442463
0.476863      0.630999
0.197855      0.343765
0.658191      0.221904
0.544416      0.001558
0.180778      0.340434
0.679412      0.879960
0.495358      0.489064
0.697205      0.929733
0.016101      0.610194
0.533121      0.167258
0.106780      0.658709
0.915013      0.616445
0.590765      0.980212
0.418321      0.719789
0.499242      0.764161
0.254661      0.092600
0.328296      0.673710
0.044527      0.366601
0.464537      0.477727
0.152475      0.644554
0.016858      0.338719
0.856397      0.461484
0.169936      0.114015
0.253126      0.286650
0.727149      0.199994
0.295335      0.692544
0.587784      0.888326
0.090627      0.171218
0.653530      0.870595
0.097446      0.778025
0.273317      0.637090
0.568040      0.053337
0.436170      0.707434
0.850827      0.849077
0.429136      0.492021
0.393069      0.313809
0.179764      0.300581
0.871706      0.770686
0.916730      0.480150
0.874201      0.697704
0.315406      0.020736
0.511135      0.638072
0.082525      0.992400
0.271376      0.020007
0.260628      0.379821
0.650167      0.362002
0.173396      0.271076
0.981492      0.942613
0.496261      0.657687
0.740530      0.095708
0.558738      0.702014
0.747389      0.360862
0.005726      0.232606
0.408430      0.483417
0.796373      0.649022
0.112335      0.013519
0.221053      0.244865
0.440379      0.452201
0.143047      0.192704
0.769580      0.324118
0.443739      0.913398
0.474252      0.753821
0.476205      0.580205
0.498685      0.406852
0.965166      0.546514
0.268117      0.238686
0.594884      0.211875
0.983808      0.864055
0.175080      0.575180
0.050001      0.368358
0.991613      0.035624
0.732682      0.185470
0.201615      0.550204
0.279023      0.541614
0.912391      0.561648
0.619013      0.753864
0.194071      0.752284
0.641258      0.631553
0.507250      0.358921
0.388494      0.425976
0.378413      0.983062
0.328364      0.811367
0.640487      0.667446
0.765014      0.588891
0.497718      0.144056
0.149832      0.222865
0.685137      0.090473
0.572613      0.898657
0.724256      0.576843
0.006653      0.816762
0.319079      0.758369
0.909114      0.484545
0.745641      0.993977
0.763276      0.382134
0.518414      0.978476
0.241515      0.135600
0.035230      0.109899
0.067615      0.399499
0.387469      0.183984
0.212715      0.099526
0.734128      0.490245
0.539618      0.367070
0.346411      0.131863
0.227615      0.523213
0.639518      0.383597
0.113030      0.686925
0.145883      0.851974
0.127349      0.359629
0.279496      0.495929
0.080295      0.519650
0.763293      0.670073
0.925177      0.453885
0.438518      0.175032
0.762654      0.928374
0.179413      0.393567
0.673803      0.608917
0.060460      0.145575
0.676646      0.397259
0.739431      0.624060
0.570380      0.377070
0.420375      0.249699
0.694379      0.423264
0.802107      0.012994
0.382539      0.332270
0.459891      0.391967
0.782657      0.109604
0.108373      0.427740
0.030217      0.858689
0.990591      0.859436
0.536707      0.431483
0.937689      0.736014
0.186993      0.792372
0.388328      0.628800
0.246779      0.618489
0.936614      0.669647
0.751457      0.733432
0.799746      0.336260
0.517937      0.967553
0.660789      0.884303
0.474546      0.688261
0.604714      0.424190
0.361712      0.289601
0.323595      0.659547
0.004590      0.150305
0.184153      0.053210
0.292817      0.374160
0.510475      0.547998
0.195197      0.672375
0.613339      0.385853
0.028173      0.500020
0.842259      0.844782
0.254148      0.458244
0.710443      0.413657
0.331634      0.772366
0.150772      0.022379
0.121102      0.357075
0.361034      0.890252
0.457493      0.084005
0.869290      0.153230
0.341531      0.111310
0.787892      0.100871
0.332057      0.883569
0.147372      0.885837
0.262620      0.857100
0.275874      0.616481
0.195399      0.063573
0.463092      0.194381
0.964936      0.675060
0.733532      0.465166
0.051425      0.308079
0.881026      0.397842
0.523317      0.380698
0.384552      0.162690
0.333675      0.069793
0.015912      0.425386
0.466379      0.426681
0.232646      0.088487
0.196443      0.609635
0.134935      0.855895
0.034097      0.068890
0.836708      0.542972
0.722008      0.789066
0.839522      0.841399
0.398518      0.885592
0.152297      0.657683
0.672316      0.612346
0.702749      0.107464
0.148147      0.912594
0.964851      0.247734
0.660957      0.700136
0.192266      0.415923
0.418378      0.683004
0.249442      0.377980
0.702348      0.354810
0.292235      0.595761
0.961826      0.413157
0.923319      0.228910
0.283634      0.042596
0.910217      0.022529
0.648291      0.829631
0.608808      0.228401
0.727824      0.537984
0.905178      0.322360
0.906050      0.990260
0.293228      0.283326
0.859074      0.460063
0.283560      0.786166
0.096784      0.655315
0.873412      0.442871
0.338953      0.779803
0.143907      0.651584
0.177049      0.665844
0.840511      0.475525
0.155748      0.659359
0.849437      0.480242
0.432142      0.004425
0.377658      0.291947
0.755716      0.310580
0.924962      0.839534
0.051811      0.791952
0.334680      0.961094
0.104860      0.390040
0.406853      0.980662
0.991335      0.366655
0.365947      0.474014
0.751064      0.132148
0.016195      0.181964
0.267114      0.384115
0.812775      0.302998
0.488403      0.586719
0.991853      0.077396
0.792613      0.442012
0.889245      0.534621
0.371619      0.792766
0.018124      0.604514
0.071264      0.731742
0.391098      0.185977
0.716298      0.823739
0.578095      0.035340
0.962799      0.770495
0.715134      0.264852
0.360208      0.019037
0.959459      0.634711
0.593623      0.017425
0.867418      0.691915
0.008521      0.209354
0.618771      0.689991
0.671427      0.666313
0.725657      0.112458
0.073913      0.253773
0.168802      0.050060
0.353424      0.995317
0.299502      0.731536
0.933807      0.499603
0.820824      0.586612
0.183735      0.033739
0.050631      0.960683
0.207153      0.612763
0.700979      0.356093
0.848780      0.439458
0.969803      0.486720
0.298151      0.025854
0.528215      0.717773
0.607041      0.531078
0.828421      0.275204
0.347941      0.851888
0.675386      0.206097
0.868912      0.806154
0.036876      0.773484
0.952004      0.330071
0.497374      0.358444
0.366098      0.010853
0.409713      0.041285
0.869956      0.354299
0.697770      0.426014
0.022100      0.439986
0.843693      0.950117
0.614695      0.184685
0.996519      0.496395
0.909912      0.895976
0.661697      0.141802
0.260993      0.508275
0.578248      0.620758
0.076499      0.721866
0.410265      0.323429
0.870534      0.066870
0.882083      0.164490
0.587718      0.778218
0.507681      0.601107
0.801517      0.100106
0.488539      0.875572
0.744147      0.876293
0.858294      0.351662
0.379123      0.920811
0.073526      0.743839
0.694313      0.321084
0.466941      0.871074
0.143110      0.254992
0.656640      0.145710
0.943445      0.476066
0.242531      0.213669
0.141955      0.839962
0.234837      0.910834
0.388180      0.134873
0.809823      0.693334
0.861526      0.660075
0.874019      0.637163
0.805663      0.781465
0.083795      0.346046
0.997915      0.960007
0.829521      0.764023
0.930206      0.974908
0.280788      0.208578
0.576714      0.831384
0.072388      0.620223
0.082052      0.050381
0.749338      0.117966
0.655705      0.440942
0.903943      0.567494
0.872607      0.902251
0.128628      0.854924
0.708463      0.136655
0.757926      0.458082
0.985645      0.743488
0.805080      0.977036
0.040463      0.067904
0.255699      0.532709
0.241563      0.950372
0.908202      0.157571
0.298249      0.665517
0.352520      0.810799
0.102929      0.931152
0.872753      0.357524
0.900449      0.845392
0.510550      0.808841
0.195942      0.200992
0.066892      0.253334
0.791009      0.481782
0.305876      0.854355
0.149069      0.409932
0.726816      0.592846
0.967784      0.548695
0.911319      0.530452
0.314297      0.385243
0.779182      0.715709
0.915000      0.399122
0.049463      0.331625
0.621458      0.839141
0.440556      0.429258
0.539203      0.390003
0.775962      0.588022
0.890707      0.120870
0.466172      0.955045
0.437506      0.168457
0.253624      0.652929
0.781145      0.710946
0.865259      0.410596
0.892540      0.924434
0.968853      0.518907
0.273590      0.222403
0.927358      0.099505
0.375461      0.376489
0.658913      0.348824
0.689455      0.670272
0.266943      0.510968
0.843832      0.277562
0.979822      0.873426
0.666001      0.481293
0.087538      0.259169
0.845523      0.703451
0.907852      0.273589
0.216056      0.250211
0.303588      0.410204
0.302260      0.083013
0.195641      0.130170
0.760887      0.231004
0.490783      0.597154
0.364666      0.941841
0.516040      0.079144
0.179142      0.844309
0.309076      0.636468
0.122326      0.935183
0.613532      0.632059
0.008863      0.964350
0.826678      0.973982
0.707534      0.530068
0.859976      0.618277
0.381627      0.997063
0.634745      0.166709
0.871962      0.067136
0.347825      0.889480
0.495773      0.460794
0.558883      0.150744
0.553618      0.665281
0.376302      0.511382
0.796567      0.897028
0.346717      0.267073
0.695003      0.910529
0.254379      0.344287
0.431465      0.635497
0.798938      0.754292
0.393478      0.179757
0.176698      0.760058
0.294041      0.943792
0.307549      0.969241
0.028474      0.565802
0.437928      0.257285
0.183688      0.240771
0.641937      0.029439
0.775786      0.636268
0.756220      0.795578
0.275667      0.127619
0.885587      0.056228
0.031333      0.616986
0.681977      0.984910
0.383452      0.675483
0.848194      0.601469
0.892436      0.172956
0.864169      0.092643
0.043266      0.176808
0.613131      0.890753
0.882744      0.275235
0.866344      0.651899
0.460717      0.273535
0.305184      0.224738
0.178165      0.414600
0.187334      0.518112
0.907982      0.460097
0.848694      0.998310
0.601495      0.322691
0.462859      0.266757
0.383645      0.922143
0.458076      0.890907
0.478563      0.202655
0.017189      0.893054
0.566953      0.780620
0.875311      0.358570
0.492867      0.615554
0.622387      0.462734
0.170120      0.199428
0.789959      0.839635
0.744608      0.626300
0.232239      0.232728
0.461709      0.948288
0.875073      0.345733
0.728139      0.831889
0.564296      0.118794
0.569636      0.872223
0.447085      0.155581
0.851994      0.455603
0.317539      0.877920
0.199762      0.403767
0.105843      0.908587
0.614028      0.975031
0.343326      0.282652
0.536509      0.111201
0.951834      0.467310
0.079075      0.021270
0.486243      0.279684
0.642701      0.873387
0.018361      0.597786
0.991522      0.502102
0.823860      0.611824
0.918816      0.539404
0.759176      0.478379
0.123174      0.185999
0.088904      0.206295
0.191879      0.909471
0.478205      0.198397
0.462268      0.335157
0.982794      0.813120
0.109867      0.528769
0.022786      0.961035
0.122401      0.188419
0.759547      0.712302
0.654488      0.982077
0.761185      0.228376
0.314646      0.263535
0.233403      0.805945
0.525286      0.477936
0.666804      0.978328
0.763921      0.218008
0.058383      0.237636
0.943267      0.489884
0.473314      0.980565
0.349519      0.369458
0.481457      0.849339
0.840000      0.874040
0.996605      0.941659
0.467098      0.508404
0.746959      0.136466
0.578095      0.049373
0.810054      0.570838
0.074821      0.516508
0.954029      0.370034
0.163897      0.613167
0.497985      0.636650
0.180973      0.612780
0.996315      0.066066
0.371218      0.060836
0.474274      0.130575
0.573789      0.664810
0.457386      0.288894
0.441437      0.227294
0.136722      0.888367
0.776201      0.618383
0.168543      0.704852
0.441909      0.164829
0.287608      0.828558
0.574599      0.281636
0.451154      0.542795
0.753216      0.296815
0.561443      0.169557
0.736816      0.659524
0.623939      0.546904
0.808097      0.686743
0.092691      0.856215
0.401476      0.604763
0.255906      0.013996
0.222796      0.531765
0.366634      0.016281
0.628715      0.816479
0.561554      0.041561
0.523437      0.407751
0.066294      0.207955
0.093793      0.382585
0.102048      0.122120
0.464642      0.233682
0.496774      0.277063
0.595057      0.127174
0.415278      0.579757
0.973271      0.772814
0.690031      0.346764
0.062052      0.908909
0.032341      0.558829
0.241962      0.648735
0.286478      0.840284
0.645308      0.693769
0.170282      0.933523
0.727020      0.025312
0.416295      0.664087
0.310227      0.987135
0.777359      0.071889
0.230112      0.495491
0.721223      0.589762
0.123676      0.620227
0.153976      0.882654
0.762249      0.112678
0.786617      0.675864
0.243966      0.334242
0.606576      0.729964
0.512720      0.291383
0.279994      0.854351
0.070352      0.402859
0.848485      0.489819
0.394910      0.257199
0.736569      0.509130
0.951047      0.244096
0.515287      0.425838
0.065548      0.672835
0.332338      0.607080
0.200953      0.410784
0.045941      0.130033
0.465272      0.830062
0.848888      0.257758
0.144123      0.271225
0.483301      0.838122
0.315975      0.593458
0.246711      0.465046
0.028935      0.312867
0.353664      0.030750
0.813824      0.947767
0.114830      0.942557
0.556478      0.731624
0.409047      0.846516
0.401636      0.301879
0.676918      0.964525
0.772609      0.244354
0.862467      0.484876
0.308578      0.264562
0.492660      0.144004
0.274163      0.854363
0.272452      0.103162
0.844720      0.212176
0.043282      0.440267
0.569693      0.832714
0.422135      0.818748
0.689434      0.314814
0.083681      0.428445
0.872140      0.055173
0.291498      0.201046
0.988290      0.197132
0.205591      0.361813
0.992736      0.919362
0.711736      0.153049
0.292675      0.987485
0.667367      0.438178
0.461516      0.705025
0.352591      0.989004
0.196170      0.023171
0.439563      0.735745
0.673236      0.083051
0.841621      0.127665
0.668576      0.754243
0.565792      0.269434
0.380244      0.756706
0.962081      0.696082
0.057116      0.952244
0.357779      0.183899
0.792221      0.859440
0.612544      0.032650
0.753261      0.055792
0.701524      0.506887
0.250659      0.827907
0.628952      0.792650
0.071745      0.814292
0.805661      0.737183
0.842990      0.131133
0.955469      0.562977
0.958445      0.585584
0.913638      0.515844
0.788383      0.353824
0.718881      0.229456
0.463386      0.134292
0.038358      0.687166
0.193000      0.752214
0.462326      0.305298
0.143936      0.137649
0.462920      0.289984
0.765605      0.517572
0.834974      0.412294
0.421542      0.862823
0.469137      0.784450
0.250861      0.225733
0.891212      0.598886
0.485169      0.243182
0.155364      0.204358
0.638683      0.345024
0.810934      0.373422
0.095795      0.021564
0.429996      0.938160
0.657020      0.530070
0.894123      0.517647
0.087647      0.087588
0.098202      0.485639
0.127623      0.953895
0.118043      0.954585
0.715337      0.674425
0.060688      0.988862
0.806732      0.747224
0.601065      0.098568
0.639051      0.529710
0.838023      0.656417
0.400095      0.404955
0.080522      0.334544
0.674284      0.683930
0.804132      0.048856
0.123261      0.649804
0.259109      0.847731
0.819303      0.029720
0.509620      0.188191
0.924587      0.538423
0.268586      0.124183
0.151016      0.132279
0.217478      0.157946
0.598061      0.613470
0.589805      0.858541
0.492382      0.471309
0.295441      0.474773
0.504438      0.087901
0.357319      0.459288
0.258399      0.917644
0.849636      0.834859
0.474273      0.113678
0.583704      0.312919
0.231751      0.044428
0.708553      0.657968
0.467798      0.287426
0.774239      0.637398
0.748596      0.650669
0.800722      0.741159
0.664891      0.817038
0.954215      0.487246
0.138763      0.190576
0.010930      0.696243
0.749051      0.295240
0.097585      0.107325
0.812900      0.404292
0.937604      0.304070
0.507123      0.220201
0.925591      0.403974
0.598212      0.147327
0.132557      0.882049
0.600444      0.659327
0.302647      0.592674
0.066306      0.412959
0.594616      0.708394
0.983604      0.427136
0.881568      0.520359
0.679167      0.767117
0.940774      0.580592
0.007728      0.886033
0.555135      0.146883
0.656895      0.433730
0.708342      0.098465
0.897911      0.186444
0.566389      0.302918
0.140021      0.335814
0.017708      0.622117
0.923581      0.620677
0.713451      0.969146
0.431746      0.357803
0.595699      0.916020
0.544678      0.406536
0.646381      0.728768
0.402364      0.526331
0.045873      0.986765
0.556718      0.760201
0.696267      0.152484
0.805143      0.040733
0.604325      0.898454
0.312429      0.993480
0.422495      0.878251
0.769601      0.690681
0.279122      0.199873
0.270481      0.972920
0.867615      0.008894
0.485429      0.612612
0.176333      0.633318
0.172735      0.162602
0.848825      0.194476
0.551763      0.487757
0.735028      0.614014
0.739880      0.158944
0.365142      0.934645
0.586786      0.104121
0.964771      0.909792
0.881460      0.703491
0.576263      0.258386
0.688598      0.264728
0.289500      0.619513
0.147708      0.524157
0.505181      0.576947
0.755815      0.986261
0.086168      0.228253
0.255607      0.986852
0.029187      0.542738
0.792795      0.505605
0.698724      0.459967
0.672509      0.864015
0.496816      0.984308
0.270358      0.913325
0.251750      0.156700
0.658062      0.053648
0.657900      0.325070
0.454980      0.841145
0.131636      0.404261
0.419874      0.816309
0.703849      0.596674
0.307301      0.815880
0.502760      0.888577
0.316718      0.077597
0.171014      0.227482
0.283071      0.578418
0.472225      0.685769
0.720560      0.457980
0.271475      0.679440
0.349386      0.131891
0.696289      0.532118
0.308633      0.188097
0.346275      0.838839
0.365680      0.986679
0.113316      0.509009
0.917905      0.225954
0.609082      0.835917
0.259846      0.236451
0.034893      0.452068
0.901348      0.955584
0.492749      0.625481
0.456694      0.652617
0.531874      0.211834
0.285978      0.428713
0.382132      0.494817
0.392044      0.091468
0.305453      0.742009
0.947952      0.228097
0.622378      0.308805
0.084902      0.953951
0.059164      0.373610
0.255331      0.352789
0.320987      0.831018
0.921832      0.229428
0.993867      0.919305
0.763869      0.348451
0.420893      0.952708
0.161710      0.853204
0.793957      0.041435
0.406287      0.462991
0.492561      0.467517
0.564565      0.638295
0.827693      0.033236
0.597417      0.784937
0.432282      0.357173
0.004454      0.852695
0.241074      0.731957
0.997638      0.297971
0.005267      0.518882
0.843672      0.588625
0.015799      0.530458
0.405576      0.510466
0.404055      0.952197
0.579290      0.120113
0.730822      0.930818
0.255439      0.162386
0.225286      0.382405
0.088035      0.604528
0.299011      0.481377
0.505974      0.904816
0.242907      0.536061
0.576426      0.998601
0.488209      0.333767
0.625589      0.281279
0.451780      0.067454
0.693039      0.910337
0.040699      0.034644
0.262855      0.801026
0.850378      0.295284
0.839078      0.391987
0.127940      0.293741
0.903978      0.154260
0.655197      0.900072
0.504969      0.013015
0.735540      0.212666
0.282344      0.347517
0.716133      0.044744
0.008743      0.941930
0.015306      0.247068
0.468294      0.615482
0.397678      0.771956
0.271276      0.333534
0.708812      0.011362
0.967840      0.481081
0.534171      0.814907
0.139113      0.077305
0.262886      0.329017
0.784179      0.697135
0.752928      0.468125
0.771528      0.064685
0.154372      0.527687
0.842036      0.100725
0.891678      0.428159
0.073832      0.894951
0.446486      0.098415
0.058869      0.414791
0.386613      0.798225
0.762800      0.378325
0.505538      0.572416
0.593800      0.999382
0.606229      0.898145
0.129885      0.985550
0.134191      0.347393
0.632659      0.107087
0.804711      0.773010
0.983500      0.684157
0.626922      0.681475
0.542887      0.306742
0.416223      0.462293
0.762093      0.500675
0.839051      0.933213
0.514337      0.465359
0.291895      0.871571
0.486654      0.191714
0.134131      0.337001
0.972672      0.704386
0.614029      0.989893
0.133586      0.177159
0.513110      0.836185
0.755328      0.805036
0.243173      0.005145
0.468052      0.550129
0.014391      0.876579
0.670799      0.121431
0.892189      0.014782
0.442715      0.718144
0.852225      0.345269
0.940557      0.945024
0.022078      0.056924
0.726652      0.847622
0.983988      0.892250
0.039144      0.897654
0.876345      0.733392
0.117905      0.632619
0.426662      0.909410
0.446299      0.941031
0.900536      0.315263
0.622541      0.044403
0.277219      0.215850
0.791676      0.702706
0.373484      0.139762
0.978662      0.379529
0.737908      0.011585
0.714894      0.222524
0.961094      0.114518
0.707671      0.823821
0.954925      0.426106
0.562291      0.419004
0.193074      0.002829
0.543182      0.257758
0.141767      0.678351
0.046099      0.784432
0.953037      0.686743
0.086281      0.126766
0.560717      0.970305
0.919539      0.686422
0.693255      0.541561
0.022878      0.502799
0.540514      0.414470
0.000936      0.727003
0.738358      0.583292
0.394949      0.903140
0.076375      0.638792
0.181035      0.655268
0.092771      0.206193
0.486090      0.722394
0.275812      0.567544
0.711805      0.304660
0.420511      0.532620
0.741029      0.473327
0.210989      0.085078
0.901354      0.058641
0.582343      0.436364
0.961631      0.131599
0.786440      0.695340
0.576570      0.403785
0.418186      0.450174
0.066832      0.243146
0.551004      0.724819
0.040098      0.923186
0.992094      0.126094
0.263486      0.409263
0.482241      0.018043
0.243094      0.678403
0.919130      0.824700
0.726727      0.108959
0.271614      0.024001
0.387656      0.329472
0.433610      0.678964
0.349999      0.437866
0.207236      0.021728
0.185903      0.471037
0.714730      0.459675
0.754200      0.834888
0.955399      0.399204
0.420886      0.829779
0.097671      0.560408
0.776335      0.866437
0.214347      0.533204
0.564453      0.758871
0.343248      0.971164
0.354737      0.060545
0.573277      0.063035
0.431345      0.613797
0.089043      0.543068
0.350049      0.279756
0.858645      0.241842
0.639244      0.775532
0.373362      0.096086
0.910658      0.428560
0.804909      0.101182
0.559446      0.603026
0.054173      0.481951
0.155833      0.076832
0.315936      0.938172
0.850785      0.142629
0.170689      0.777613
0.338911      0.079124
0.828811      0.818299
0.148038      0.080613
0.862478      0.665125
0.755376      0.610737
0.663849      0.306249
0.123183      0.338919
0.205746      0.978685
0.756807      0.648523
0.721747      0.403153
0.799971      0.107631
0.947287      0.060212
0.986360      0.760667
0.527253      0.547923
0.934478      0.776235
0.174408      0.270702
0.684967      0.240532
0.613211      0.243001
0.113317      0.518409
0.894788      0.707946
0.447890      0.689369
0.229829      0.737035
0.351418      0.287051
0.467516      0.541579
0.311811      0.614862
0.977799      0.860041
0.701807      0.262244
0.531499      0.910910
0.659659      0.895472
0.206072      0.452416
0.759683      0.988445
0.789414      0.677931
0.979052      0.924033
0.214806      0.249269
0.459010      0.579655
0.260212      0.387132
0.530293      0.629938
0.370826      0.465328
0.765610      0.613007
0.806763      0.263593
0.201251      0.426516
0.457455      0.446500
0.327219      0.566106
0.536385      0.023219
0.248410      0.034612
0.727680      0.115535
0.802841      0.340613
0.682617      0.743867
0.170039      0.845537
0.936450      0.919343
0.399636      0.689133
0.263636      0.937525
0.975474      0.783746
0.416311      0.937846
0.370519      0.305700
0.900324      0.737086
0.203491      0.069122
0.730154      0.698741
0.746483      0.139395
0.819255      0.219495
0.060103      0.147211
0.169680      0.810170
0.518821      0.830290
0.681203      0.971865
0.135426      0.105374
0.018143      0.926014
0.512063      0.242773
0.279867      0.731323
0.340713      0.369528
0.661799      0.852396
0.212272      0.652337
0.820283      0.490305
0.547937      0.169543
0.513701      0.780260
0.827414      0.348943
0.679693      0.598259
0.944772      0.780866
0.019538      0.379686
0.378681      0.492061
0.062709      0.950038
0.282342      0.323169
0.502074      0.356586
0.148182      0.503054
0.833277      0.891267
0.520160      0.324363
0.568079      0.696993
0.366942      0.200342
0.154977      0.692216
0.070538      0.535347
0.585114      0.008817
0.192912      0.278438
0.712978      0.022681
0.196244      0.271939
0.477501      0.365350
0.429636      0.890685
0.750433      0.519584
0.643935      0.609462
0.229576      0.477416
0.937155      0.756367
0.253465      0.981108
0.490265      0.876818
0.672672      0.601718
0.072797      0.504039
0.379756      0.556808
0.269923      0.598675
0.930346      0.332891
0.906365      0.269287
0.899011      0.674042
0.628759      0.551508
0.196003      0.226606
0.567877      0.308387
0.056197      0.497176
0.031407      0.863132
0.654756      0.486731
0.492057      0.006093
0.405678      0.233441
0.448115      0.463878
0.405833      0.827429
0.595692      0.803077
0.322858      0.266131
0.866327      0.364765
0.602346      0.625474
0.349144      0.060332
0.003537      0.441721
0.998601      0.491575
0.895016      0.535878
0.500835      0.541692
0.219904      0.922224
0.822166      0.138154
0.952589      0.168748
0.150066      0.165476
0.161292      0.827582
0.163070      0.722176
0.603961      0.772708
0.896423      0.174166
0.212338      0.764925
0.100707      0.587302
0.792041      0.827247
0.532671      0.595856
0.556699      0.446700
0.687087      0.870093
0.656809      0.983504
0.756199      0.432262
0.028465      0.417352
0.429163      0.935533
0.507985      0.711812
0.424090      0.687158
0.069836      0.742042
0.501370      0.528172
0.985921      0.376934
0.121794      0.995935
0.678066      0.255469
0.662781      0.356847
0.519891      0.801520
0.143386      0.892507
0.373004      0.079376
0.079116      0.702595
0.508389      0.501007
0.429935      0.925240
0.510327      0.066851
0.559448      0.650712
0.513916      0.385179
0.711086      0.227610
0.434258      0.581018
0.173505      0.095630
0.254504      0.455771
0.142866      0.150977
0.476680      0.560041
0.611316      0.393810
0.767526      0.816685
0.025130      0.352780
0.169985      0.940934
0.272746      0.033783
0.782788      0.320764
0.085044      0.332604
0.076039      0.987974
0.872627      0.233721
0.148569      0.007135
0.917500      0.427461
0.336344      0.938713
0.942999      0.984165
0.853302      0.440524
0.882070      0.943207
0.488296      0.793338
0.633851      0.140236
0.949483      0.960628
0.267534      0.448994
0.237207      0.738554
0.879790      0.637466
0.887270      0.346542
0.330259      0.666153
0.035796      0.626975
0.569517      0.872632
0.331441      0.529392
0.495188      0.623047
0.559187      0.260745
0.337791      0.247854
0.679088      0.428800
0.847463      0.314891
0.376519      0.155668
0.315313      0.470465
0.111446      0.069036
0.288443      0.859712
0.178871      0.281294
0.700917      0.309864
0.877261      0.119987
0.620168      0.162422
0.834123      0.101558
0.892865      0.374241
0.860711      0.973359
0.247803      0.827735
0.748206      0.100515
0.353541      0.956433
0.775379      0.801961
0.566564      0.248419
0.175816      0.932454
0.746758      0.768521
0.527110      0.144257
0.522833      0.247261
0.711291      0.665679
0.063825      0.709821
0.965908      0.013655
0.492344      0.826362
0.660933      0.306987
0.523016      0.338168
0.587651      0.653600
0.053676      0.138729
0.612160      0.579159
0.929300      0.752401
0.599792      0.699960
0.227919      0.637135
0.324122      0.524436
0.199531      0.520729
0.895332      0.839190
0.268375      0.575723
0.180948      0.190407
0.164964      0.558038
0.940898      0.678568
0.684907      0.226727
0.602749      0.396380
0.951178      0.448776
0.578669      0.689495
0.349061      0.670846
0.916168      0.028423
0.712830      0.529012
0.100035      0.281760
0.537867      0.937096
0.777851      0.346889
0.158885      0.381570
0.054658      0.643524
0.707442      0.974977
0.433010      0.596362
0.059063      0.679756
0.663381      0.448511
0.131585      0.550592
0.804094      0.410185
0.982060      0.477486
0.115094      0.377322
0.654903      0.953814
0.754400      0.204993
0.310814      0.851389
0.295543      0.197114
0.893937      0.395551
0.033201      0.012458
0.387575      0.979290
0.929013      0.915595
0.405190      0.032369
0.025289      0.025673
0.481543      0.292991
0.300401      0.831772
0.599940      0.186272
0.678608      0.358311
0.132632      0.151486
0.029681      0.842587
0.354045      0.438582
0.246329      0.049709
0.451692      0.585421
0.171325      0.464105
0.217118      0.099499
0.275495      0.244322
0.312132      0.010689
0.653532      0.904585
0.366060      0.371940
0.190840      0.445202
0.507787      0.368105
0.745635      0.891725
0.222074      0.398599
0.254440      0.374519
0.539745      0.497690
0.667704      0.102356
0.304929      0.944857
0.212567      0.621737
0.528091      0.623264
0.201102      0.923542
0.962816      0.041593
0.052578      0.677607
0.542128      0.543374
0.486715      0.213172
0.788550      0.165627
0.694640      0.820377
0.072233      0.017978
0.162108      0.547567
0.956424      0.609828
0.383129      0.247184
0.422178      0.550443
0.288785      0.611992
0.743165      0.370238
0.585429      0.303387
0.032742      0.301325
0.361825      0.189859
0.961632      0.142986
0.173922      0.101084
0.912511      0.580116
0.003802      0.900090
0.814995      0.619416
0.529168      0.720342
0.790919      0.977765
0.294515      0.912773
0.977267      0.931617
0.683102      0.887815
0.498549      0.120496
0.173427      0.785715
0.511827      0.281785
0.952986      0.832917
0.839746      0.608536
0.665925      0.195772
0.348147      0.306971
0.268104      0.020870
0.766702      0.960153
0.291987      0.419071
0.321966      0.276466
0.566066      0.870087
0.553626      0.789305
0.855631      0.588923
0.025207      0.659439
0.192942      0.783106
0.664171      0.720672
0.332701      0.701709
0.622713      0.943337
0.663174      0.960823
0.552441      0.884047
0.169855      0.747875
0.542979      0.844029
0.594721      0.482100
0.655606      0.772516
0.678266      0.624909
0.837483      0.582579
0.409287      0.883639
0.328121      0.728859
0.926369      0.485203
0.803448      0.551004
0.722558      0.025677
0.553248      0.442206
0.156362      0.984281
0.813369      0.290337
0.701381      0.116847
0.846303      0.807799
0.675715      0.735388
0.658546      0.188259
0.061829      0.162880
0.522349      0.116203
0.025518      0.872685
0.223616      0.311089
0.479497      0.903486
0.893183      0.732149
0.235861      0.110118
0.752168      0.680166
0.550289      0.703641
0.102114      0.237980
0.727862      0.173705
0.456633      0.631471
0.138966      0.607420
0.910015      0.623412
0.682296      0.348517
0.518111      0.892917
0.249855      0.308449
0.096806      0.024563
0.826257      0.901973
0.452177      0.738064
0.638318      0.216577
0.014391      0.870271
0.651342      0.103541
0.220182      0.604389
0.961611      0.800184
0.687263      0.832366
0.578083      0.842350
0.372482      0.298855
0.861531      0.757544
0.045633      0.945846
0.834406      0.864640
0.001502      0.239697
0.579099      0.917445
0.494847      0.898896
0.741704      0.817329
0.841853      0.019781
0.462922      0.325813
0.945599      0.678737
0.535278      0.420707
0.816697      0.233076
0.311811      0.603396
0.274939      0.898244
0.779363      0.758241
0.756291      0.990547
0.122849      0.726238
0.880979      0.621873
0.814698      0.624213
0.141272      0.356635
0.968269      0.690185
0.936963      0.545340
0.535132      0.962702
0.138189      0.536350
0.440828      0.995444
0.420166      0.736763
0.774331      0.173949
0.562542      0.643576
0.581123      0.932880
0.921942      0.086539
0.464078      0.750604
0.395023      0.153450
0.027258      0.122645
0.291511      0.418048
0.136542      0.865901
0.197798      0.399005
0.074096      0.325435
0.593741      0.004494
0.522601      0.349588
0.525115      0.614330
0.042425      0.035780
0.349851      0.947977
0.643779      0.988920
0.774283      0.369359
0.820232      0.638428
0.054311      0.797038
0.822792      0.664769
0.776860      0.683602
0.291856      0.222373
0.427127      0.730238
0.105688      0.294657
0.308166      0.353471
0.785765      0.353029
0.357868      0.679831
0.925047      0.260725
0.998760      0.162409
0.612136      0.163736
0.903506      0.221899
0.450789      0.414998
0.874309      0.508906
0.184951      0.471214
0.700615      0.230456
0.274302      0.198618
0.180748      0.832135
0.694686      0.581100
0.545240      0.855296
0.954931      0.523043
0.789335      0.346524
0.033608      0.857831
0.571664      0.952375
0.560150      0.443634
0.152308      0.841164
0.444221      0.023520
0.296442      0.302578
0.427312      0.826576
0.269273      0.672672
0.601209      0.522841
0.389693      0.567497
0.926937      0.037576
0.540775      0.804140
0.178625      0.151326
0.341652      0.136947
0.661295      0.381572
0.076502      0.765491
0.601896      0.067495
0.386369      0.711451
0.360587      0.391181
0.579650      0.176384
0.485883      0.241687
0.028375      0.900946
0.193483      0.870726
0.293025      0.862960
0.767984      0.510499
0.957755      0.987633
0.144624      0.699646
0.947335      0.855332
0.567947      0.483375
0.087406      0.035407
0.093013      0.274019
0.435318      0.389053
0.809730      0.134094
0.719532      0.167339
0.466886      0.953221
0.785930      0.129621
0.545118      0.802408
0.066950      0.224610
0.025131      0.369082
0.163198      0.866820
0.640970      0.787938
0.874773      0.314700
0.160249      0.307017
0.041341      0.822801
0.816930      0.134537
0.162276      0.367721
0.283003      0.431628
0.371666      0.593513
0.175380      0.607449
0.400861      0.278871
0.981288      0.508840
0.080940      0.356206
0.747050      0.666897
0.529491      0.158917
0.926051      0.138580
0.105789      0.997120
0.591683      0.423603
0.490312      0.677416
0.330710      0.248152
0.688042      0.928590
0.809721      0.985824
0.736135      0.224510
0.340137      0.677908
0.604145      0.869367
0.453057      0.531999
0.310036      0.777752
0.681962      0.730600
0.194564      0.036144
0.470808      0.862857
0.032636      0.505196
0.834059      0.035231
0.132306      0.660302
0.697537      0.502796
0.496584      0.092865
0.788262      0.323812
0.315854      0.565380
0.333518      0.435484
0.185649      0.207567
0.583874      0.171172
0.884284      0.152937
0.405933      0.515209
0.114319      0.357625
0.599757      0.119181
0.071737      0.677385
0.815133      0.933282
0.676232      0.433849
0.702422      0.611506
0.577953      0.653557
0.330809      0.914002
0.637786      0.277024
0.948951      0.025074
0.417904      0.718116
0.373987      0.597187
0.921739      0.670063
0.747268      0.336885
0.018334      0.140233
0.897813      0.548150
0.761197      0.440823
0.907906      0.170006
0.291234      0.772605
0.172399      0.504043
0.449544      0.479265
0.002581      0.381901
0.615802      0.791956
0.403207      0.705967
0.185062      0.330595
0.316784      0.187298
0.913995      0.506116
0.285277      0.645011
0.695254      0.141902
0.948765      0.895364
0.377190      0.439007
0.396782      0.708317
0.675841      0.857351
0.499046      0.459265
0.872098      0.343959
0.926538      0.322997
0.616202      0.507200
0.508492      0.229359
0.840456      0.537778
0.429511      0.785259
0.849280      0.842623
0.961395      0.165555
0.486147      0.675896
0.787617      0.475158
0.974677      0.402728
0.656100      0.072302
0.187214      0.513043
0.715887      0.910182
0.436796      0.228689
0.571713      0.774284
0.395585      0.603360
0.671862      0.990903
0.100051      0.555025
0.311278      0.652526
0.005858      0.447750
0.337835      0.991390
0.295113      0.956830
0.444597      0.333514
0.375057      0.582387
0.178875      0.346205
0.675332      0.300406
0.921455      0.891454
0.667659      0.350469
0.338084      0.185948
0.235743      0.140471
0.900101      0.999940
0.988888      0.238536
0.081610      0.613506
0.202297      0.005841
0.164897      0.430634
0.659441      0.220695
0.216103      0.040643
0.094040      0.525325
0.130984      0.442922
0.197623      0.448229
0.381832      0.450808
0.734502      0.772972
0.340579      0.117937
0.160915      0.490437
0.779868      0.247504
0.795090      0.083532
0.920947      0.348659
0.910390      0.917081
0.373085      0.435624
0.525499      0.060088
0.907051      0.801113
0.305253      0.380873
0.334843      0.699611
0.360772      0.492724
0.215864      0.031938
0.781264      0.701270
0.240162      0.400084
0.207590      0.960581
0.479528      0.435257
0.359737      0.091371
0.677724      0.512831
0.153042      0.173659
0.692341      0.177232
0.745622      0.670137
0.992678      0.945112
0.493255      0.135726
0.148303      0.523471
0.970975      0.183218
0.344966      0.850537
0.976825      0.499892
0.687926      0.963991
0.799528      0.671030
0.004069      0.394273
0.548307      0.397212
0.946323      0.847685
0.038239      0.690001
0.854071      0.363675
0.287061      0.630586
0.262932      0.104305
0.049010      0.715957
0.093647      0.923430
0.087484      0.351411
0.172090      0.308946
0.455001      0.200024
0.796911      0.686311
0.821673      0.857980
0.077338      0.827551
0.648893      0.952570
0.845503      0.376340
0.154459      0.993543
0.475142      0.710757
0.685437      0.133425
0.472554      0.210434
0.771362      0.277339
0.234200      0.203398
0.514852      0.114656
0.015385      0.582184
0.762649      0.838605
0.440983      0.600521
0.956790      0.768703
0.598592      0.543827
0.098344      0.867484
0.811915      0.855231
0.864592      0.204550
0.878268      0.044745
0.033161      0.339829
0.503911      0.235479
0.702075      0.768143
0.176880      0.829873
0.676062      0.575370
0.235294      0.590443
0.579720      0.346066
0.334473      0.479510
0.125192      0.095646
0.519717      0.876798
0.340419      0.427998
0.360054      0.429988
0.812226      0.082471
0.084831      0.754850
0.760029      0.815380
0.092669      0.486043
0.927172      0.984234
0.021966      0.189200
0.891201      0.415507
0.423255      0.654877
0.524123      0.935218
0.205988      0.042621
0.331753      0.779336
0.306550      0.184387
0.984982      0.589135
0.597898      0.870500
0.488893      0.816428
0.711446      0.275476
0.917735      0.371771
0.356199      0.642177
0.060535      0.418174
0.247150      0.845070
0.085483      0.707932
0.209914      0.019845
0.538797      0.562474
0.498030      0.395072
0.981871      0.302133
0.945999      0.407975
0.830128      0.966415
0.538527      0.028079
0.923563      0.317131
0.020338      0.816724
0.686380      0.980500
0.263657      0.290580
0.776634      0.895435
0.582412      0.600692
0.838373      0.535382
0.166566      0.477250
0.134720      0.231339
0.122114      0.376470
0.328961      0.847214
0.124677      0.439361
0.332981      0.410632
0.489857      0.019963
0.522649      0.155626
0.601916      0.406463
0.419512      0.733561
0.956451      0.073001
0.920969      0.725757
0.795636      0.248320
0.512391      0.759424
0.635974      0.810832
0.645704      0.339835
0.613058      0.661473
0.373898      0.102883
0.148773      0.434686
0.760280      0.022711
0.702970      0.817570
0.899692      0.126791
0.977189      0.622163
0.701154      0.294542
0.369027      0.235703
0.455085      0.609842
0.619454      0.162235
0.680487      0.949826
0.728286      0.303582
0.302396      0.369228
0.619700      0.290073
0.261474      0.598096
0.191416      0.129309
0.289163      0.970024
0.200723      0.555514
0.531502      0.948320
0.410287      0.688913
0.553703      0.079811
0.384593      0.861710
0.762760      0.714750
0.811094      0.063963
0.025065      0.263623
0.713698      0.126270
0.227136      0.481188
0.327623      0.356749
0.876721      0.048286
0.539175      0.921360
0.293208      0.941329
0.920808      0.018694
0.190095      0.923426
0.018260      0.899675
0.843015      0.548529
0.128786      0.506021
0.687281      0.127890
0.444963      0.499316
0.001463      0.589740
0.760407      0.162252
0.977341      0.178130
0.838157      0.903086
0.163711      0.491166
0.021993      0.628784
0.974148      0.499639
0.425215      0.592301
0.804741      0.290177
0.000540      0.083848
0.227640      0.940523
0.365920      0.014982
0.796714      0.368791
0.268657      0.317955
0.872917      0.123284
0.039401      0.210203
0.880670      0.422870
0.182799      0.297916
0.069186      0.810193
0.913505      0.280946
0.857601      0.698018
0.587209      0.217140
0.478138      0.073685
0.429809      0.805515
0.289635      0.898966
0.923118      0.841062
0.732054      0.633145
0.275711      0.871867
0.471550      0.344343
0.365628      0.117428
0.605801      0.692689
0.023702      0.367196
0.469134      0.731528
0.792338      0.822544
0.499020      0.026827
0.883152      0.127487
0.672149      0.802061
0.245321      0.103976
0.517426      0.385751
0.319183      0.513988
0.597288      0.626025
0.601885      0.873440
0.906912      0.477487
0.130566      0.427529
0.486625      0.705125
0.035229      0.087304
0.318020      0.966934
0.264538      0.084969
0.077544      0.281719
0.851690      0.361521
0.081228      0.196572
0.791345      0.134909
0.417932      0.179473
0.395060      0.775325
0.888366      0.765941
0.172343      0.569966
0.414529      0.984061
0.109336      0.612116
0.836914      0.017011
0.899249      0.679930
0.587931      0.357647
0.972778      0.473239
0.732603      0.859973
0.567202      0.966021
0.916730      0.483985
0.327717      0.944312
0.053970      0.076682
0.801136      0.689934
0.726236      0.847639
0.270895      0.936025
0.774651      0.552841
0.590501      0.558204
0.726491      0.134275
0.753604      0.816282
0.248957      0.225814
0.259160      0.694263
0.472620      0.323790
0.942490      0.423658
0.426017      0.072291
0.991821      0.540624
0.273413      0.250989
0.369947      0.693643
0.055824      0.237763
0.081517      0.060520
0.158996      0.241758
0.219220      0.427714
0.588098      0.157499
0.090335      0.254833
0.982698      0.208088
0.340274      0.989293
0.053731      0.055987
0.972469      0.278526
0.183412      0.605393
0.835389      0.376025
0.851601      0.855195
0.266220      0.351420
0.317754      0.490259
0.781258      0.596279
0.660734      0.954687
0.416070      0.888091
0.142044      0.331730
0.389560      0.330087
0.772525      0.832462
0.182411      0.773541
0.907478      0.989398
0.817528      0.201150
0.721510      0.424157
0.804639      0.561379
0.092366      0.401807
0.165399      0.854382
0.595415      0.141528
0.653946      0.868520
0.216101      0.010050
0.912826      0.864120
0.267618      0.855791
0.286164      0.550824
0.699654      0.081158
0.019972      0.663351
0.941981      0.874399
0.018534      0.508906
0.181813      0.724561
0.702880      0.311753
0.634640      0.395985
0.315857      0.607384
0.296827      0.769249
0.760907      0.569331
0.737827      0.659627
0.351219      0.936747
0.902705      0.770859
0.821988      0.148637
0.148274      0.047776
0.972674      0.736130
0.131298      0.725080
0.418521      0.081074
0.611570      0.649148
0.230620      0.031258
0.357559      0.489571
0.220857      0.945573
0.238872      0.716971
0.134783      0.303333
0.116032      0.148662
0.554831      0.041257
0.402346      0.234533
0.790980      0.997932
0.245199      0.066521
0.021964      0.141013
0.013039      0.153538
0.514393      0.406997
0.392413      0.281516
0.435926      0.614650
0.427593      0.557045
0.259947      0.930751
0.124497      0.425848
0.233808      0.603742
0.091160      0.126267
0.163790      0.814331
0.458145      0.042581
0.658701      0.792632
0.760052      0.190341
0.068099      0.537030
0.854993      0.862578
0.356583      0.096763
0.299786      0.506310
0.559900      0.239410
0.762509      0.484950
0.555804      0.389556
0.268016      0.546328
0.126651      0.628214
0.396581      0.342172
0.878547      0.741459
0.701355      0.672153
0.869180      0.313392
0.175219      0.900958
0.397579      0.113165
0.968617      0.541100
0.272001      0.528160
0.787257      0.421719
0.836296      0.620986
0.914512      0.195483
0.482243      0.054874
0.259925      0.557049
0.326651      0.027319
0.148658      0.500923
0.008972      0.792887
0.052424      0.090249
0.807057      0.201883
0.046351      0.028320
0.976346      0.450730
0.413567      0.825089
0.274299      0.148671
0.706584      0.558969
0.589544      0.460591
0.147713      0.616555
0.440308      0.253381
0.579273      0.836266
0.118322      0.636992
0.932454      0.760220
0.013516      0.168265
0.022484      0.882481
0.857061      0.628031
0.312992      0.453643
0.381602      0.589481
0.409815      0.752739
0.290392      0.614946
0.391319      0.899957
0.579048      0.062570
0.622248      0.129552
0.387794      0.651986
0.929930      0.336352
0.069898      0.779404
0.440575      0.746813
0.684957      0.075951
0.505064      0.618680
0.159693      0.956173
0.402059      0.406712
0.601759      0.765251
0.572920      0.071848
0.544530      0.916788
0.450604      0.296855
0.246446      0.014464
0.092641      0.012321
0.076394      0.949687
0.388131      0.321087
0.510612      0.851932
0.420808      0.522728
0.497825      0.937969
0.452403      0.541186
0.716475      0.800029
0.083548      0.183318
0.021469      0.823211
0.704103      0.861952
0.823386      0.649213
0.320857      0.639760
0.445756      0.828898
0.295330      0.617106
0.695044      0.608625
0.162006      0.827816
0.105933      0.407540
0.520440      0.039970
0.768493      0.060565
0.913630      0.378366
0.195597      0.390734
0.070663      0.640163
0.226319      0.748563
0.100742      0.166501
0.377590      0.154721
0.394334      0.568028
0.850243      0.030568
0.749323      0.879904
0.539266      0.438251
0.684230      0.853666
0.572077      0.899115
0.421671      0.016851
0.219954      0.770462
0.150720      0.154184
0.371187      0.547473
0.384599      0.955071
0.877035      0.330639
0.048518      0.444338
0.989198      0.458850
0.890906      0.453096
0.178692      0.277470
0.445525      0.942363
0.287427      0.792130
0.332782      0.062362
0.124871      0.706627
0.281859      0.208883
0.701781      0.825798
0.195206      0.824512
0.576403      0.597711
0.728087      0.962348
0.189882      0.345077
0.705379      0.301077
0.205647      0.310541
0.266491      0.907729
0.198028      0.263102
0.963160      0.829952
0.006075      0.107087
0.803748      0.593862
0.044045      0.270191
0.096552      0.749495
0.756399      0.806382
0.862765      0.495067
0.591338      0.612461
0.630314      0.680844
0.938556      0.312235
0.740520      0.924694
0.326529      0.970119
0.783356      0.863957
0.528545      0.260697
0.535502      0.177653
0.821904      0.745127
0.345189      0.589742
0.785866      0.054677
0.961455      0.167010
0.929980      0.177319
0.199848      0.838090
0.773201      0.184775
0.506406      0.161097
0.555486      0.055377
0.715440      0.404906
0.249487      0.126047
0.478752      0.378321
0.447795      0.086615
0.737733      0.078708
0.849552      0.417269
0.034707      0.321669
0.285309      0.183207
0.154332      0.853093
0.942387      0.699979
0.543557      0.556131
0.886766      0.884257
0.702216      0.144714
0.204704      0.453221
0.292422      0.740217
0.819733      0.252692
0.997373      0.851255
0.048640      0.487365
0.139567      0.694577
0.755944      0.143819
0.160528      0.992266
0.006675      0.193328
0.259755      0.708446
0.860212      0.580173
0.966892      0.545686
0.339128      0.728700
0.267102      0.180934
0.960257      0.033229
0.472328      0.416469
0.592417      0.752114
0.785698      0.228020
0.326973      0.437187
0.803183      0.101416
0.491562      0.687007
0.524545      0.022582
0.538486      0.332268
0.424970      0.470356
0.271709      0.612715
0.900960      0.431851
0.117140      0.764323
0.970028      0.259734
0.350437      0.795631
0.170314      0.475257
0.641177      0.270109
0.719776      0.279493
0.446146      0.368425
0.114196      0.289804
0.737676      0.125793
0.203081      0.180054
0.170594      0.181143
0.471659      0.171870
0.623000      0.760608
0.539456      0.637530
0.964343      0.708484
0.490305      0.555959
0.995776      0.009157
0.896645      0.913832
0.782109      0.900425
0.434594      0.223588
0.841085      0.109168
0.781467      0.118161
0.928474      0.860885
0.892736      0.210461
0.213810      0.503116
0.869880      0.071306
0.445084      0.534336
0.588674      0.841222
0.426360      0.832092
0.963930      0.766283
0.920702      0.233828
0.945206      0.084857
0.186474      0.069046
0.448899      0.647444
0.599186      0.526298
0.494818      0.411102
0.385982      0.204412
0.555080      0.236175
0.393715      0.176019
0.344391      0.171651
0.931153      0.886723
0.152476      0.655949
0.535878      0.500068
0.650989      0.170582
0.974511      0.610976
0.680154      0.342217
0.640006      0.579019
0.565573      0.578088
0.924777      0.728466
0.334109      0.364721
0.862089      0.123783
0.419744      0.637604
0.214386      0.187082
0.283577      0.072330
0.644470      0.608315
0.956836      0.544140
0.362642      0.919150
0.153415      0.445367
0.288096      0.035805
0.780740      0.892441
0.250397      0.430583
0.807306      0.386322
0.908622      0.214280
0.397230      0.249117
0.913170      0.652550
0.404955      0.085719
0.675635      0.396218
0.227617      0.561578
0.437756      0.360886
0.415976      0.311923
0.483814      0.464683
0.922191      0.270610
0.144072      0.423113
0.259351      0.911777
0.235779      0.739008
0.515525      0.428165
0.175027      0.678552
0.423302      0.444621
0.739249      0.557070
0.673500      0.519014
0.065327      0.957469
0.187400      0.626107
0.975725      0.016771
0.865171      0.921645
0.091422      0.523097
0.698555      0.617524
0.726309      0.078257
0.272703      0.316887
0.921394      0.873251
0.732960      0.853657
0.414571      0.701128
0.864561      0.682946
0.279301      0.216837
0.377819      0.001757
0.531020      0.852943
0.405289      0.700583
0.699445      0.566915
0.133113      0.227947
0.107844      0.532852
0.650934      0.253066
0.273456      0.976634
0.290588      0.907906
0.178756      0.350481
0.539355      0.943246
0.137814      0.245914
0.075146      0.973335
0.835283      0.602460
0.547279      0.110711
0.725224      0.836681
0.100703      0.521600
0.532309      0.520567
0.164813      0.014898
0.394330      0.507147
0.617789      0.176766
0.909947      0.483564
0.255755      0.478181
0.795597      0.606925
0.596040      0.636454
0.881712      0.937424
0.283506      0.892403
0.612916      0.283125
0.486997      0.957126
0.418833      0.331676
0.472106      0.681334
0.183026      0.112097
0.010238      0.063965
0.055298      0.394099
0.617058      0.891730
0.306975      0.320525
0.060975      0.811150
0.998737      0.766943
0.007701      0.426805
0.312340      0.493392
0.443104      0.250541
0.840165      0.661519
0.152919      0.111239
0.591334      0.551517
0.345557      0.782200
0.429979      0.653758
0.705336      0.588267
0.006979      0.289006
0.329775      0.533280
0.833256      0.533547
0.322477      0.871901
0.046499      0.504873
0.399413      0.932069
0.285363      0.091394
0.062343      0.805892
0.620996      0.075743
0.005457      0.707485
0.706241      0.797783
0.335247      0.492790
0.319351      0.333915
0.109272      0.535270
0.289568      0.769519
0.310298      0.170200
0.555566      0.394813
0.618654      0.722167
0.467665      0.042127
0.029737      0.782119
0.070898      0.590695
0.818716      0.158258
0.845133      0.150464
0.843991      0.959737
0.295197      0.373395
0.652713      0.141226
0.590285      0.919591
0.572641      0.374696
0.510220      0.270566
0.400927      0.383978
0.511587      0.247150
0.855518      0.688430
0.441037      0.507840
0.264107      0.849311
0.367036      0.782427
0.255774      0.796887
0.277406      0.366856
0.746712      0.983896
0.337698      0.688285
0.012507      0.200641
0.177025      0.254725
0.160500      0.527951
0.264318      0.396378
0.923379      0.226553
0.668565      0.564227
0.959834      0.927817
0.813691      0.700949
0.851996      0.499845
0.900655      0.314806
0.948958      0.136960
0.882124      0.851802
0.236273      0.037613
0.162267      0.219896
0.797261      0.558302
0.387974      0.685933
0.474268      0.028738
0.004089      0.728357
0.501870      0.921601
0.344504      0.082748
0.749026      0.883534
0.552240      0.489351
0.522710      0.183768
0.589607      0.522034
0.828692      0.832772
0.405800      0.277188
0.699959      0.215295
0.466682      0.532738
0.721773      0.845977
0.339562      0.012366
0.830402      0.563272
0.916082      0.592097
0.371799      0.817861
0.793223      0.707281
0.272156      0.120950
0.809553      0.153304
0.579850      0.546301
0.684391      0.559344
0.895429      0.481867
0.734728      0.576799
0.257137      0.705867
0.508583      0.752535
0.856322      0.201189
0.376836      0.477771
0.905082      0.712875
0.291457      0.511356
0.352248      0.233719
0.121365      0.781783
0.433400      0.159602
0.437427      0.836581
0.415913      0.250409
0.618995      0.448017
0.828848      0.451898
0.052753      0.620682
0.801208      0.902364
0.034224      0.201732
0.514732      0.105376
0.055960      0.516606
0.596980      0.440210
0.611159      0.742111
0.660299      0.643840
0.022032      0.288469
0.294310      0.472246
0.044835      0.542743
0.874557      0.680877
0.507525      0.977896
0.491839      0.330634
0.971921      0.084005
0.879910      0.650009
0.697953      0.499539
0.753033      0.228486
0.171601      0.102990
0.952595      0.264097
0.674939      0.705117
0.895849      0.530835
0.742837      0.866735
0.212807      0.640820
0.259974      0.379976
0.261999      0.415737
0.292730      0.910402
0.129496      0.440193
0.319673      0.748729
0.895679      0.678327
0.639042      0.372533
0.164624      0.834731
0.329496      0.840526
0.723183      0.537516
0.034175      0.374211
0.366703      0.176634
0.684261      0.372758
0.947413      0.177715
0.850320      0.336640
0.906947      0.051677
0.531931      0.167598
0.812204      0.706265
0.194893      0.562617
0.906838      0.227045
0.943541      0.098386
0.579097      0.885302
0.269151      0.627838
0.065612      0.742285
0.576475      0.807542
0.365530      0.455475
0.161875      0.635705
0.292238      0.646030
0.829039      0.666141
0.833117      0.192875
0.658488      0.210166
0.258294      0.143344
0.180762      0.063475
0.820165      0.518819
0.784490      0.922066
0.169520      0.114854
0.351501      0.668984
0.620920      0.795740
0.000206      0.457040
0.477165      0.716104
0.560323      0.345808
0.994907      0.406740
0.086141      0.770497
0.741916      0.387163
0.041621      0.519789
0.088946      0.913047
0.580299      0.092486
0.419719      0.211004
0.352630      0.652180
0.182186      0.995753
0.617142      0.300375
0.398849      0.455651
0.122270      0.987910
0.805806      0.186281
0.831496      0.949002
0.882601      0.881813
0.637663      0.210292
0.370623      0.060826
0.301617      0.275431
0.164776      0.384249
0.079362      0.830284
0.590158      0.792776
0.178713      0.628389
0.336870      0.773799
0.242043      0.009521
0.024778      0.448864
0.061046      0.998872
0.041927      0.675034
0.293071      0.649987
